1 John 25 8000 4500 5000 4800 5200 4900 4700 4900
2 Mary 30 7000 5000 5200 4800 5100 4900 5300 5000
3 Robert 35 9000 6000 5500 5800 5400 5700 5600 5500
4 Sarah 28 7500 4200 4400 4100 4300 4100 4700 4200
5 Michael 40 8500 5500 5800 5300 5600 5400 5700 5500
6 Emily 22 9500 4800 5000 4700 4900 4700 5200 4800
7 David 32 8800 5200 5400 5100 5300 5100 5500 5200
8 Jessica 27 7200 4700 4900 4600 4800 4600 5000 4700
9 Christopher 45 9200 6500 6800 6300 6600 6400 6700 6500
10 Olivia 29 8300 5800 6000 5700 5900 5700 6100 5800
11 Matthew 33 7800 5100 5300 5000 5200 5000 5400 5100
12 Sophia 24 8700 4900 5100 4800 5000 4800 5200 4900
13 Andrew 38 9200 5400 5700 5300 5600 5400 5800 5500
14 Ava 26 7600 4600 4800 4500 4700 4500 4900 4600
15 William 42 8900 6300 6600 6200 6500 6300 6700 6500
16 Emma 31 4000 5700 5900 5600 5800 5600 6000 5700
17 James 36 8100 5300 5500 5200 5400 5200 5600 5300
18 Isabella 23 4000 5000 5200 4900 5100 4900 5300 5000
19 Benjamin 39 4000 6100 6400 6000 6300 6100 6500 6300
20 Mia 34 7700 5400 5600 5300 5500 5300 5700 5400